203
4164
3831
1039
5373
1013
1526
5346
4260
2213
3822
5131
1324
4907
1193
1897
856
4850
4563
1994
3135
1936
2582
2977
1731
935
3719
4531
3307
5078
1450
3266
3920
3743
4628
4922
1192
3211
657
2107
4851
1840
5947
1980
77
4056
2939
473
3173
1075
804
2616
3014
382
4777
1009
5486
2893
3502
294
4515
3278
5309
4098
5682
1084
2911
2753
4681
845
2069
4187
3383
4925
5144
3374
4596
4120
2703
3486
4110
1509
2695
1756
3654
5241
879
3079
3223
5374
2725
664
1599
2267
3709
3756
864
285
1150
4624
5168
5021
5295
4921
4965
4946
1552
868
1835
5543
4884
5237
712
5300
1441
1762
1462
5964
2480
747
942
2520
2565
4191
1218
5578
140
2698
4784
4829
2336
4385
2331
3745
5642
2020
4079
4984
3437
4030
1884
2866
2232
1783
2131
2842
5229
5156
991
5512
5619
1774
1055
3364
3585
694
2264
1236
4183
3633
4418
3198
4417
3722
1557
3878
4935
5323
1892
4754
3318
5421
4863
1679
2045
2965
1435
5458
3785
3120
2959
1723
5618
1716
837
2518
104
3463
3859
4437
1847
488
2982
641
1930
3050
1286
2649
524
1137
3780
5717
5522
1382
1907
3970
1373
857
3381
5016
3674
3208
4837
2895
3755
2938
1535
2217
2365
2124
2295
1538
4798
396
1116
5907
3728
4877
5935
843
5830
5335
1151
4432
300
380
5921
4972
3514
2826
4615
71
1925
3583
3764
2765
4646
3387
2474
1603
1389
5983
1233
2219
5265
5155
2754
2739
4982
5686
1943
1572
201
4928
3873
3002
5515
4715
5148
3127
2521
4114
4648
61
3039
1542
783
3121
1045
4593
1767
2014
5873
5502
2383
1963
5180
1654
3726
5308
2177
381
3423
1283
1266
2044
1288
182
340
3326
4320
5098
3074
4650
4651
3494
4090
2914
5564
4637
5741
4231
5519
538
1093
5863
5361
4952
2564
1265
1123
1743
3848
2810
3147
2983
3964
4496
487
3099
204
4748
774
4636
3724
4493
5462
5639
2624
3861
456
4276
3899
4577
1735
1275
1815
169
1998
1282
2954
3352
2263
3950
1096
680
4323
4511
2329
4994
5753
3029
5851
4855
604
5594
4904
3017
4594
1167
1584
4259
1530
2943
1119
5922
1776
5632
5114
5758
4733
683
1614
5837
1168
5223
4351
786
2796
1587
5423
4261
3469
5414
4267
454
1178
5132
1880
62
5259
4514
5304
1870
4561
3103
1576
4495
1941
4528
2320
4773
5314
1155
4208
2839
5777
2642
2394
2512
5166
5429
5111
4457
5332
2958
1674
1025
3706
1636
1854
4209
1822
2151
2378
4352
1961
1019
3796
5118
2042
2972
2483
1308
418
1189
3651
819
4951
2970
4378
471
1983
4895
2918
2638
1710
5906
5407
4137
4526
2353
1139
3363
1736
2627
1061
452
3923
284
2025
2065
4456
501
3004
2505
507
5640
561
248
16
3804
5835
5887
5278
1111
1834
4865
1591
3849
506
1237
3838
2087
4223
180
2197
1751
794
5536
839
5978
3810
4471
3938
2413
3492
1030
675
5523
967
2187
3043
2637
5435
5695
3913
5176
412
3522
5394
4489
2790
4003
414
2813
639
2650
3853
3679
3957
3918
3346
179
3643
4730
5261
1191
2205
3523
5643
4452
1396
2853
5344
3942
4141
2898
5081
2969
4669
4734
5370
2812
4052
3968
5631
188
4993
3644
2605
2550
1886
2927
3083
2364
1329
4152
4309
1459
3987
2041
5430
2662
2998
5420
3235
1319
674
3236
1159
1954
637
4675
3349
4145
5598
3693
5052
3604
3281
3778
4160
2310
4073
1570
5776
4919
1135
1871
2667
2367
3832
4235
3096
3720
1543
5271
1794
2221
1322
1411
1729
4522
4629
3663
2113
733
2623
3807
3218
5703
5220
1230
1048
2568
2791
1486
226
2412
3396
5965
72
5858
3217
5599
1802
2925
3277
1391
5179
5514
3253
3986
1461
1458
587
2767
2846
1072
3342
3104
2203
2986
2094
4822
3372
2303
1109
5747
2461
3690
5349
4409
4830
696
4783
260
4894
5033
3295
5292
2560
4518
3313
5479
3261
3472
4885
5714
216
3075
490
2086
1759
3111
723
375
1707
4746
2962
5635
2119
1592
4294
1960
5603
129
2438
1617
2428
1011
1032
3332
5079
4468
1655
2569
954
155
4701
1136
4763
5455
1675
4176
3783
2363
2430
1311
4871
4392
5470
1609
3595
3365
5020
2852
1243
5310
1387
567
2266
51
3707
2067
5097
1586
2905
3024
5406
1968
1712
4303
1313
3794
4346
3087
5760
4122
1307
409
3865
1449
5490
3048
1882
1312
1991
2951
580
438
4065
1385
1632
5141
4601
1345
1596
646
2255
2686
206
4169
4752
4478
1926
1695
3098
4008
5847
5787
3617
5915
54
4606
1502
3602
4533
4166
4602
1409
2420
2207
5419
4299
3270
2028
2057
1843
1351
1480
185
4118
852
5080
5767
36
2402
5112
4713
4600
5917
4770
1490
5846
3509
2747
1770
3152
3893
5175
2517
3434
1143
3648
1966
3852
125
1346
5326
3850
2513
3725
105
2892
678
2058
4844
2598
2236
5792
5089
3621
2120
5939
4992
5590
1814
1219
4380
5743
411
618
4204
3843
2645
4449
1890
34
559
4545
3314
4621
4697
4113
816
5834
5633
2327
5219
5842
2202
4942
2276
4694
1138
5646
614
5505
2281
581
3729
4423
2146
1432
2403
2687
3882
4660
3857
5909
1805
245
742
4438
3600
3752
2527
1062
3925
410
4955
563
943
3635
3476
734
3268
5288
4588
1644
2450
5900
2279
842
3611
2745
1267
1605
4897
4834
3456
3371
703
2617
3991
3997
2492
315
1097
865
636
1493
5056
4387
5678
1656
5390
2735
4395
4025
3306
4936
4575
1951
1923
4086
461
4888
2924
2873
4975
2855
5661
84
2980
4944
3361
1976
1730
4581
1394
728
19
5363
3640
5316
2356
1057
995
4103
496
1859
4886
5196
2393
2194
4910
4821
2976
4487
5437
1571
2879
2366
4842
3203
5410
4383
1338
2095
1455
3532
5150
1231
663
4232
566
3533
1532
441
207
136
4614
3597
669
3813
909
994
262
5149
3782
938
3886
2453
964
5859
3741
1670
2906
3928
1006
2679
2862
2570
128
589
2415
158
5093
568
4322
2834
5707
1285
4083
2406
3076
4632
3877
988
1068
3338
5402
4799
3140
94
877
3571
3175
740
1163
1706
2491
4229
460
1677
4458
1692
800
4879
825
3385
4831
1263
3493
2716
1653
3453
3084
3413
1008
5372
4670
649
301
151
4529
4213
3289
5024
4901
4898
3321
866
407
5492
2362
416
2247
4280
2359
1806
5489
4282
4451
4053
2154
1371
4181
5650
3507
4060
4107
5162
4116
1563
3046
1354
5903
7
1148
4682
3641
5095
5202
4331
1428
2318
4586
5228
4170
1651
3186
5690
4368
2891
3291
2141
1950
5417
243
3114
4603
661
965
1356
5857
4998
4157
4227
615
1944
1207
5754
2781
4453
13
5898
3662
2749
2576
1550
5050
1799
1753
2626
918
196
5623
5942
1108
371
5962
4803
1424
1539
66
5194
3646
2909
2768
3545
1112
355
4913
765
5037
3931
5979
831
3777
2039
5742
4105
2447
5508
787
1819
3516
685
3336
2968
21
2198
5303
4654
4221
620
633
5297
2382
5756
2223
99
160
895
1081
4840
642
5386
3527
2256
4778
4315
323
5395
4686
5186
5969
1378
4802
3956
911
4205
2809
2468
152
3410
5474
5481
1028
2439
4198
2
5488
343
4429
5587
2272
2865
3356
5630
5836
1327
5972
3524
5712
598
3160
982
4410
4399
2854
3227
1869
2890
5493
3389
5255
5805
1369
3171
5648
1974
3678
113
273
3601
5655
2248
4499
3800
150
5320
3370
4479
2286
503
773
5862
227
2830
5060
3539
5713
4234
4362
3269
4126
922
4197
5193
4329
3639
2825
3869
4502
1352
4525
2814
4472
5137
599
1310
4036
4931
395
1659
324
173
4273
621
2603
4402
1637
622
2774
5701
5472
5327
5384
2510
2376
4584
429
5328
2543
1610
3220
2644
510
5365
4339
5221
2822
2446
2555
1251
3897
3628
2751
1194
10
4134
1146
2664
4685
2857
3888
2287
4286
2750
2017
1224
5697
5938
2620
4028
1881
5044
681
582
5553
3473
4013
5955
1041
901
3113
3480
2806
2848
5732
2817
908
2134
848
1181
5982
1878
4097
2387
3864
3863
5244
3185
830
2755
4841
907
2158
3499
5334
1170
3572
3250
1574
1249
4991
4691
2235
4566
4771
5413
5692
1582
5711
4978
2389
5659
5828
4490
1780
1277
3310
3380
1404
5236
4403
4016
4873
1372
2843
850
5625
495
2971
2377
4100
5551
277
1519
4278
5287
1750
4969
4527
2164
2903
4516
2948
3214
1764
1766
2451
5545
50
3325
3290
3237
88
3143
3858
553
4446
5601
1862
389
1414
1620
916
1383
3610
4001
514
5313
2478
1657
1866
5908
5839
3820
5520
3001
98
1059
3316
123
286
3588
401
3557
2770
4363
1353
847
2615
4361
3574
3623
2991
5795
2166
4941
2744
5245
448
5459
3661
2858
2324
4737
948
1273
3538
1026
2008
1262
3714
2216
4607
2096
1184
5107
15
5043
2309
2926
5568
2260
1643
436
1024
5152
5895
2960
869
5371
5231
5535
4355
1127
2640
2836
4165
5109
3995
4154
2157
966
2346
2167
5367
3676
2874
2910
4504
1110
691
337
5870
502
310
1903
4605
4296
1094
2595
4864
4548
5431
4342
1417
4364
4779
1893
4890
2291
4463
3669
798
3176
39
3958
5000
3747
5841
4343
3045
3086
5205
5762
1213
5579
4335
2013
3183
1622
1442
4074
1921
2433
5208
4503
276
3112
2707
4285
624
2785
4412
1100
3110
5416
4394
3697
5146
5910
2597
4024
2599
4869
3065
1832
508
5268
1187
3275
2178
5890
3879
293
4127
3344
2710
4161
3636
5685
3779
3106
5331
3405
3283
5364
805
2143
2758
5064
4251
1104
3021
4334
829
4336
5075
2342
4398
1438
1073
2607
3657
2465
2030
886
5409
3812
4326
718
792
5802
897
4163
555
1358
5616
4172
1548
2838
3199
1678
224
3619
3530
5652
1666
5757
1672
59
2358
1713
1395
79
5013
2316
3172
3518
3461
554
523
4405
5286
3210
2882
4212
87
522
5653
5904
3910
3130
4051
1693
5861
2941
5461
4367
2815
1017
748
2736
1894
5338
4256
3929
1406
306
4041
3781
3721
1131
3855
1244
3890
1427
2101
2253
2722
1865
5275
5971
4938
1398
78
3251
2514
1126
191
2775
3273
4512
4640
1421
2301
1728
1915
3094
5103
3358
3459
1642
5215
1554
2887
5562
5212
3977
1488
325
973
4782
2078
3945
5397
4015
4411
611
1281
3252
595
2975
1826
5289
1381
30
4407
3677
2443
2138
4762
3213
4808
5088
811
3880
472
2934
242
390
2241
5798
2886
4396
2175
2122
1964
3732
3998
106
4974
353
2696
344
5184
5105
2646
3701
4250
6
2993
2618
890
5135
402
4731
4591
3301
4542
81
521
4574
1906
5912
3712
4933
1738
5823
275
1734
4297
2921
4146
2548
1227
4712
688
1740
2288
3614
1717
2700
5249
4466
1122
2300
4979
4826
1202
386
3145
5234
1342
711
3026
2046
5533
5071
4683
4900
3136
5383
530
3448
3471
5007
60
2002
1400
5808
4253
3060
2015
345
5651
5793
3426
287
3723
4287
3451
26
2602
768
902
64
118
3343
2861
4249
4854
1276
3816
4828
4923
972
1051
1261
3063
1905
2499
814
3985
651
2676
1483
131
1524
3115
3608
3068
2936
2793
2795
3584
5867
692
5418
393
2506
1380
3799
5276
2330
1839
235
2126
4970
5227
4727
2032
4447
1335
861
3057
1247
2432
2723
1423
114
3515
111
3129
5563
5658
3055
1676
1744
3934
5606
953
1211
3627
413
1360
4738
1910
5844
812
5583
4797
3529
3419
2523
5589
1154
2060
5298
756
1007
1476
2653
3937
2641
4902
5136
4572
5810
4211
4996
1537
5582
2694
5086
590
2416
5054
1765
4816
5763
2808
3980
2340
4178
4262
3042
1242
5087
4827
2658
2322
5605
2956
2073
2990
3409
1106
1225
3216
5306
1669
3526
4809
2583
2011
5077
3668
1363
3179
5807
3684
2883
2502
1863
4753
893
97
1562
142
4130
208
4934
3272
4379
2048
2448
2270
4354
2930
2562
1741
4275
2657
2818
2098
1264
1348
5595
28
1257
5761
3544
1691
2003
3424
166
1508
1201
4481
2689
1997
3178
5949
4535
3593
930
797
3375
3710
2162
5182
5008
5471
5849
2967
803
4635
1567
197
3142
4153
270
4266
4155
1248
388
2230
3575
2172
1800
3491
2807
297
4541
860
558
1272
3430
4556
4815
4780
3286
5812
5291
2259
5957
2878
3996
2816
5396
2337
427
76
3470
1940
932
3267
4858
3288
4245
2313
2634
3030
1512
4171
1495
2421
1205
4032
1841
3393
4959
5813
2372
505
4870
3637
1090
3433
4174
3300
2715
3966
2711
1581
4954
1809
3212
3521
3508
5027
906
3819
57
420
3626
2738
5518
5819
5803
1434
314
1070
4426
4520
2534
4029
5183
5604
2522
4708
1823
968
619
2792
2189
2820
4819
2271
5476
706
1912
1005
4194
3647
5724
5580
2799
686
4388
341
2455
1299
3080
3842
1668
3736
4805
2573
3156
959
316
5621
283
956
2593
849
3511
5715
2049
2756
606
1513
5214
0
2553
4995
3579
4564
5
3768
172
4131
195
2984
5608
279
5524
1357
1071
4939
878
5061
981
5341
5936
1545
4093
653
5521
2201
5827
5305
5665
5919
210
2787
198
1014
1492
4750
4434
1793
4415
3005
5441
5881
1374
4080
2485
1506
4019
1648
447
27
3255
4420
841
1725
1561
2587
2133
3263
5267
5116
3442
5443
5181
1533
350
3422
562
4233
3107
4347
1529
3673
4876
824
4440
2299
349
479
732
631
1647
1937
3939
2850
299
2908
4613
1036
537
4112
4220
4857
4538
2981
239
999
3748
4476
4021
397
2712
1989
4308
5513
3089
5745
4912
1173
5816
4350
2863
1226
3963
1134
3775
1305
1297
3260
2290
853
4226
4002
4230
335
3769
2193
2475
465
941
4887
2179
5280
4723
3667
5048
3035
3000
5920
3215
1101
1511
5670
997
1914
4258
1321
2746
5312
2240
3866
4389
1292
5694
2544
5877
5359
5351
905
459
1115
1920
5360
4480
4795
4718
4290
3924
3955
974
4883
1515
4688
3517
1175
4195
190
2571
5216
3954
4421
1694
5211
1518
1578
2554
5657
3844
625
1768
4741
2323
1448
1975
1873
5750
826
3464
1280
1683
782
4759
5547
2827
4565
1883
4554
4293
2417
4325
3449
4313
2275
4980
1349
2314
3376
3789
1337
818
2061
3092
3323
5676
2540
2923
2191
1410
5781
643
1049
5159
298
292
498
4031
103
5609
2952
3128
5558
1887
3
1967
4881
3432
1033
3240
25
5778
5465
525
3007
233
2531
2832
3606
1631
5154
2648
3078
5565
2680
3019
449
4521
3446
5311
322
3302
5865
4848
2609
5425
221
469
3962
264
3431
5785
5525
4623
5570
5445
3124
5321
1210
2677
5749
3653
2946
2239
2399
2778
82
912
3258
4348
1076
1982
2186
3071
4820
5869
1487
5463
961
1626
3520
1879
2054
4856
5945
5874
835
3596
44
403
3919
3758
2784
4344
379
3988
4428
2805
3174
2690
230
2759
1867
3814
2632
2742
778
1934
3232
5487
5017
4192
2233
2444
1166
5752
658
2244
3245
4004
844
3292
1772
2127
1816
5817
4091
3082
4281
1949
4081
4543
889
730
1817
5973
5602
4867
3052
1924
5143
202
1390
23
14
2254
4241
3687
4302
3784
3416
828
4366
4162
5282
2902
4156
4578
2794
4743
3876
1157
5232
5190
913
3949
752
1440
1031
1836
3846
2536
1029
2566
362
1316
68
5700
3912
5319
100
392
3760
3590
3959
2966
1064
1995
3287
1929
5967
296
1909
887
1891
4757
5022
445
1829
3874
4455
3862
3201
4764
731
2537
1402
4306
2675
4077
1474
3091
4009
2545
2933
1908
5577
331
4159
5814
1278
5378
3872
5102
584
3650
1079
2484
540
2720
4544
2064
5432
2285
2102
1320
4725
4958
5729
2913
1153
3016
4804
3581
634
5799
4180
1496
2159
573
2575
1177
2671
3340
3681
4469
1004
5500
3512
2414
1978
4061
4787
3428
4751
5864
738
3792
126
419
3177
2693
1447
1456
1196
1468
4498
4199
650
4962
3680
4540
3146
249
1460
5544
4129
3519
1820
793
2574
1990
450
4557
679
4459
63
2338
656
4866
1918
520
2195
372
3443
2283
223
1544
5845
4985
629
1985
2404
2654
766
3008
1611
1482
5905
3867
2919
3230
3158
5200
1627
3126
2147
2928
2112
5120
1364
4755
1186
1932
607
1546
2084
1902
3901
5788
2097
1852
3911
4486
8
4973
1212
1996
4431
5629
3133
1169
1646
504
457
975
3563
1118
5248
5801
915
2776
1088
952
2907
5195
5784
122
534
1856
910
5829
3573
2763
3965
2496
2743
3902
3439
1309
4547
2425
2482
574
4049
5004
5496
192
3578
3761
5398
751
1952
4462
5333
1755
3631
2999
3612
1334
5647
4330
736
3580
4460
5552
4610
548
3315
4210
326
4692
3884
1038
1129
3718
369
2585
1498
2673
5786
4625
5591
3167
779
4314
5911
1778
5283
5934
3225
2486
4663
3123
2199
5668
458
1209
5404
4532
4732
4416
5408
4833
3243
4758
5356
2317
4168
4964
858
704
743
218
3150
33
2888
1565
963
4240
2552
1254
4111
4677
408
1413
1120
5076
560
1124
5399
5217
3276
5353
291
4497
485
509
5253
780
1176
74
5424
2811
4454
1302
2169
5026
1042
2519
2860
5393
163
5388
432
4196
2077
3341
1232
4513
4491
313
2182
5238
5164
4207
3041
3753
2837
3438
5270
4899
1293
5385
4756
655
2118
1927
3188
2055
5771
4101
4190
862
3294
153
186
2494
1781
3454
2034
5197
1685
1065
3770
3742
4301
1188
2183
1872
5797
4872
1922
3297
3312
3274
2214
1365
2026
211
5586
3906
3983
5188
1268
4774
556
2284
4562
4620
715
939
5968
5339
4776
2137
5675
1898
423
3896
2974
3219
2089
2586
4977
425
3066
5233
3762
3460
5171
4214
4104
2467
4550
3907
5046
360
2408
5092
2935
2740
1234
1416
3169
1650
4467
3148
2831
4357
53
873
2035
5209
3953
147
647
2274
5161
5049
2171
5029
3685
1686
5405
2005
3999
1484
4291
5925
2727
613
2116
148
859
4349
3993
2651
725
3206
3231
4800
5187
3192
2559
2292
4817
5943
1919
1874
1790
3841
871
4397
2685
5415
2949
4695
4272
167
1671
801
317
2547
1368
4859
5045
4760
256
3967
3727
2764
2870
4611
1485
2729
4200
4724
5691
722
1077
4184
4377
1223
443
2437
1510
5718
3478
4524
3355
5256
1044
4373
4643
4638
4705
154
5737
3427
1323
1958
867
4696
2466
4345
697
159
2761
1222
1451
2083
2871
4505
3505
4767
3159
3713
4664
5884
570
745
5531
4948
2563
2771
426
3558
5730
3703
4555
120
2558
5301
2429
5825
5542
5928
3811
920
475
4321
2551
149
2631
3616
4059
2373
2333
3482
1583
1634
2507
1771
4125
5769
1803
4139
5239
5436
754
5198
1868
2218
770
4846
820
5683
1933
1791
4401
2190
5738
5723
4341
3181
1256
165
5117
4662
1720
518
4990
1732
4005
2093
3682
2307
3369
2242
2844
1787
4177
3249
2995
1948
1999
632
2604
437
1473
2135
1053
1392
2374
1470
1658
4761
5721
519
2663
2460
1437
333
3825
983
117
4700
5257
5879
4382
4729
1588
4391
5379
3436
2557
1623
5892
1810
4475
684
383
5475
1900
3395
3767
4442
4473
2043
2591
2125
2697
744
3125
3109
3354
5615
660
2579
3960
2142
565
702
4413
4509
2577
2549
3823
433
2728
5811
237
3534
4791
4448
2682
3006
1407
3803
4684
2458
2845
4678
3979
5546
5726
3202
2250
3254
3500
3716
4920
672
2692
761
497
1885
1504
5559
3475
682
2872
1500
3327
810
4435
5560
1568
2080
2674
4909
1419
2130
2184
3946
806
3506
5157
4987
3058
3664
517
882
1594
5460
5882
5581
2841
4047
3905
2302
710
578
5438
5948
1472
2009
759
4639
2092
2706
5456
4072
477
3683
3497
2016
1141
2821
3696
5930
1662
5062
4485
1052
721
89
576
1846
4012
1105
4932
577
2163
2298
4793
2985
272
3836
282
3892
4616
3207
2940
234
3151
4739
4444
531
3481
2868
3246
3379
2614
5946
3495
2912
4386
251
4622
1628
1652
330
896
1430
5115
252
1253
1577
2325
4307
2917
4631
4310
2225
2950
3195
1612
3412
550
5447
5980
3474
492
3440
5206
4852
2833
4728
3378
4084
3566
3085
1761
2368
3891
1315
937
884
527
5350
5855
205
5735
1615
940
4843
2280
2294
3101
947
5444
1645
141
4587
3244
2719
1727
2920
695
4976
3119
2226
2155
545
929
4014
2515
175
5009
2312
4248
3485
4115
1099
5528
439
3903
3309
5174
757
2282
719
435
5613
1063
1158
2427
2661
630
2059
1054
3586
5358
4450
5483
539
2062
5918
958
746
1703
4441
3271
5504
274
2228
1034
3265
2345
790
5031
1573
2144
596
4279
1579
769
2702
2149
2109
4292
1333
4717
1475
2592
2023
257
1330
2355
238
5667
2110
809
4889
727
3166
5449
4963
2390
5281
4592
1808
1773
5178
2206
3056
5576
4218
5411
4484
2418
3285
904
4926
4853
551
827
3425
2315
56
5279
3656
543
2160
5666
2487
2503
5177
616
4228
3229
5889
1113
3373
4201
4832
4075
3391
3398
4745
1641
2636
1553
1971
4043
4482
4947
5376
4915
2621
2596
3927
3660
1598
4801
885
1216
676
2100
1981
1972
3708
3484
2273
3088
356
5702
4408
1913
4875
5831
1388
593
2989
987
258
5674
1457
5660
5357
3190
5832
4370
2876
834
3390
3547
4404
3847
1172
1613
4988
2464
4023
750
1785
4814
1195
2535
5090
1379
3972
4929
5139
5296
1425
4961
4277
764
2937
585
3467
1133
2757
1629
5611
1946
2343
3599
5453
928
1618
5656
1403
4903
5322
2734
1306
4312
2192
5368
2357
5709
4035
926
1811
1748
898
225
2347
986
3445
3569
978
5555
4102
4149
5780
3242
2828
4551
5875
2370
3064
5329
5530
5034
1769
3531
4836
5122
4268
2606
3337
1875
3936
996
1203
4000
1436
4406
1471
2052
1091
3860
3353
4653
667
5262
3994
361
110
476
1777
652
955
1469
4034
1680
40
4063
2037
2629
4573
1812
5880
5006
406
2031
1986
4369
1260
3704
2360
384
5929
781
4699
3525
3072
3978
5727
5201
2350
5243
5933
2246
5688
3976
4597
4390
2532
4018
670
4911
2504
3740
38
993
2334
2176
1252
1377
5299
4546
222
2422
5142
4384
1607
5872
944
3691
2457
2471
4672
4
4006
3620
4813
5868
4461
3952
2580
2538
2777
1821
288
753
586
3895
5624
96
1479
4106
3189
2681
1807
229
2085
2459
1630
5213
735
5970
3368
591
346
1842
480
5293
5815
3100
334
5501
4742
4997
4702
5128
4711
2047
2321
5266
1001
4488
1408
3659
2210
2006
1640
5888
5284
4598
3501
4835
5317
1239
5011
2384
2431
1595
2963
2493
5722
4243
2961
3070
1928
4048
1763
4880
3546
5277
3926
3887
5548
470
2375
5362
654
1255
1010
808
2398
3417
1673
3138
4704
3234
874
489
5596
4590
528
5101
5018
3122
3468
2501
931
5592
5375
4818
1855
4427
5401
5055
934
3824
486
2590
4580
1857
4720
4095
194
156
5689
2379
3817
2000
608
4356
4905
5377
3576
3400
4927
4239
4470
3239
3834
93
5391
546
2717
2630
2224
5672
134
4237
1522
1362
1241
2074
5254
1977
5382
3162
4173
957
3038
4257
4710
4295
5025
1165
1087
2344
5966
671
2647
5160
52
2904
1606
3489
364
5066
2932
3498
2788
2188
5740
1616
3815
3221
2856
3798
3392
3339
998
400
3347
2391
1501
3763
4400
220
5126
863
4823
391
1174
187
3366
3455
280
3408
5696
3132
261
1114
5412
5866
5446
4612
2209
421
626
1463
4523
4500
168
3359
3787
547
2424
265
2296
1117
4719
4464
822
2901
5636
3180
923
2701
3974
3108
1601
4419
1935
3551
737
1559
2996
5108
1132
135
4768
1824
1916
2529
271
5644
4085
2024
3047
2608
980
5573
2170
5464
4983
4465
4999
101
2766
1179
5439
3003
5499
2227
3655
5035
2525
5532
627
1813
5627
146
5773
2449
5059
4950
3898
4630
336
5959
1102
95
989
3829
139
3141
3031
5290
3357
5637
4042
1384
921
788
1058
3226
1911
2022
5324
209
609
2783
4082
5706
3904
4981
3187
2889
5574
3034
446
5485
2678
1580
5285
5755
1056
2063
4219
659
5468
4236
5878
1536
5251
709
4765
5899
5588
1549
3137
2900
1245
1481
677
1340
4188
5597
4676
5342
2018
170
1477
31
552
367
3790
772
1973
3062
2380
171
5516
4825
2530
3671
3238
3564
4318
4433
4071
2955
1491
5151
1103
3466
4283
2257
5336
2249
1701
4839
900
5498
1361
1317
2436
240
1303
1259
5091
2361
924
4038
838
5622
1043
5005
1775
3613
3205
1497
5012
724
2385
4655
4649
3504
2944
511
2724
796
5840
1714
3037
2709
3715
771
851
80
3922
3282
979
2782
5770
535
5028
268
2639
1665
5133
5894
3329
4604
5094
4536
5860
3665
2252
662
2105
4971
4274
1957
5247
4087
4569
2896
5820
4775
42
3749
635
5047
4300
1228
1877
5731
4945
3856
1185
1344
4332
2036
5147
5759
4576
2277
4474
2691
3989
3802
4055
1758
5400
3095
5765
3675
482
2040
3483
3868
1418
5952
3629
3554
2180
3670
2752
5258
5937
5789
394
1144
2027
1896
3117
776
5082
2156
177
5069
4140
925
3851
4175
5036
846
4217
37
366
2942
5387
2196
3632
5440
1844
628
1035
2208
3702
5614
1566
2117
945
5913
2714
2231
1795
3054
4674
5538
2401
600
2234
3351
303
4316
2001
2153
49
3018
2419
2090
3733
789
1027
1095
3562
3452
1145
2611
4182
2516
1494
1721
2463
2800
5145
1638
4193
3350
2099
5775
1121
3806
2229
5403
3686
969
1742
1828
255
3699
3536
2652
1274
5569
5941
4595
1060
3490
2145
4010
5057
5225
232
687
3362
2211
5593
3567
2802
4736
4794
5250
1180
3773
888
4652
3984
5526
4340
3692
5096
1718
347
1446
2508
3607
259
1947
2797
3917
5612
821
4037
5389
1355
387
3535
1298
92
775
5230
1240
2479
2684
5818
760
1715
984
5610
601
321
2278
2381
5883
1367
5252
2148
3951
2875
4264
5960
4360
875
3948
4949
86
1085
4644
1499
3540
4956
1083
41
5654
5822
1295
1426
5067
83
464
3830
4744
266
3027
4583
3788
143
4796
5886
5645
3280
1269
1969
4508
5975
1393
1125
3827
3609
976
3154
5040
2128
48
564
5506
422
2409
5074
5950
1287
5607
1386
3943
3730
2371
3458
5325
3299
4641
3073
278
5015
3883
4244
2748
5719
2500
4078
1700
3990
4658
3577
1229
5343
5058
3394
5478
572
644
3067
4305
2481
2111
3835
5123
1147
5170
3625
1889
3528
1023
2469
5366
2498
3414
35
4924
67
5119
2824
5030
5169
1984
5003
791
2150
3672
1792
1429
499
5192
1737
1444
2633
4054
3908
666
4510
108
4661
4338
927
3766
130
3961
5901
2660
5557
1697
5833
5294
3915
4247
784
1917
5032
5381
597
3144
4311
668
43
5885
1597
1012
1541
428
5897
2713
1970
3447
3404
5663
2672
4789
5550
1290
949
2354
5491
2584
3885
5134
5072
5041
1331
970
1206
3658
3603
1804
2304
215
1221
3700
2056
2619
90
2488
1830
4057
3828
4167
4788
3537
5628
1684
12
1066
2066
3296
5158
717
2589
4539
5070
977
536
3487
5260
5495
5051
4747
1250
3618
4064
1649
4558
3164
4022
1667
2472
4781
18
1002
2305
2071
132
1304
5001
304
3033
3973
4133
73
3032
3592
4425
4530
4439
47
3565
5664
1845
2947
3377
4094
5165
1300
2407
3059
2204
3382
3367
3333
2339
5451
1521
5127
2311
127
5083
2708
3025
178
1527
1988
5539
4673
2136
4647
544
2369
5172
705
4709
5800
3992
2426
2628
5263
5273
720
4721
5677
3940
707
2801
1993
899
693
1037
3298
5981
3081
2106
854
2328
3503
434
5850
1604
2859
3194
3022
3698
4269
5484
2161
1350
2091
2769
2509
3009
2864
55
1904
4045
1858
5354
5641
1556
3184
673
5698
3420
5853
1831
3462
5783
5124
5567
903
5571
2997
4847
5940
640
2462
2351
2635
5958
603
4506
312
3328
5772
2581
5450
1326
2835
4108
32
2079
855
1992
5617
3262
3630
1217
2497
3649
533
3615
1050
4007
5540
3688
3805
3044
22
4436
5790
749
2019
4142
5914
4179
4298
320
2526
2726
5467
4147
1270
247
777
3975
4845
1279
5210
236
3982
2021
1555
3319
370
2165
213
3734
4430
3304
145
29
755
5693
4906
453
4571
1564
4838
5534
3157
4284
3407
365
5791
1661
5561
3264
5448
4017
2973
5926
3550
985
5733
3795
3401
836
1514
2173
2388
883
4376
1696
3421
3821
3165
3247
4943
3311
5129
398
1022
1955
617
3209
1782
5065
4148
2610
3197
758
700
2200
3061
5125
714
840
3153
1754
894
2823
3776
3622
4374
3257
946
1525
1827
161
3322
478
5852
2567
2289
2730
1784
5931
5751
5871
4549
1246
4693
3116
594
2600
1092
311
1445
2445
4986
2666
4186
5023
5848
250
1507
2308
2880
2129
919
3134
112
2670
1560
2556
5337
3406
463
3256
363
2319
3739
4878
3149
3809
5649
1851
960
5764
3587
75
58
3840
1086
962
4124
2212
3388
4811
1503
4501
1746
217
4328
4807
253
3131
4372
351
348
3429
5626
762
5716
815
5140
3348
1294
2849
4092
1040
2773
5452
290
2132
1801
1235
4270
2588
3971
1621
3624
2979
3496
2495
5167
3360
4599
5104
1089
1779
2915
2007
2803
726
4494
5240
5806
2688
1152
69
3543
5084
4559
319
281
5708
3077
2885
162
513
2265
1370
881
3560
3746
468
3457
1074
2760
3402
2561
1798
5355
2546
4319
1284
891
157
2238
807
1602
2434
4069
1864
4317
24
1190
3248
5494
880
1895
5039
2215
2964
5428
1199
4960
3666
5063
1182
3510
3020
1664
3933
2992
833
2847
5053
4792
5634
1722
4216
5600
3040
5497
3477
4381
5517
4033
799
5380
3324
3818
512
3444
5916
1528
3284
4786
823
2840
4067
483
4665
569
2139
1433
3559
4020
4626
1959
3839
474
2789
3754
481
5369
3036
3012
3170
5976
1258
5984
3751
3335
1149
5951
1271
1682
5014
3069
2348
2258
610
4617
1215
2442
4066
444
2945
1733
1600
4666
3541
5684
1531
2410
4940
4679
571
4151
3731
5572
3568
3808
4892
3932
4143
5944
3465
3403
4735
3738
2435
3102
5352
1082
309
1405
5348
4089
3228
5466
2076
2683
2243
2053
2222
2705
4109
4812
516
1956
3894
4263
5392
1861
5779
1705
1593
4722
1412
1698
4690
5110
3053
5734
2994
2737
4772
1341
430
1585
1690
5638
5038
4937
1325
5218
1931
5924
4138
5085
813
5203
5138
4589
2699
2953
2655
1452
2779
1130
699
5923
3589
1639
5204
1688
183
467
5042
1687
3293
5347
2237
4703
5264
1608
2957
3757
4680
5272
4492
5977
2332
2397
5554
1197
3645
1818
3889
5222
3233
3105
189
1214
4483
2511
698
3191
2476
1000
4967
2108
200
1590
1625
2440
5469
3090
1016
817
338
4026
4224
2251
5662
2010
4668
876
739
3605
4570
2721
832
2987
3914
3969
5246
3582
4609
1752
442
2349
3711
4327
1238
4656
3049
1689
648
102
4359
4537
5954
1953
1415
5509
5766
1465
119
3279
4128
307
1375
1420
3010
638
4582
4790
4039
4062
332
45
354
2075
2594
339
2081
2665
295
870
144
3854
1619
5340
3634
2931
2741
5482
1164
4930
289
1314
2392
4634
3193
1888
1376
5473
3921
2103
1431
359
2541
1107
3845
4585
1757
1551
529
4477
378
440
1336
5503
2528
5796
1569
708
5746
1401
3870
5704
4246
3479
4849
5345
951
374
2262
302
1204
1478
5307
2470
3488
575
3204
992
3930
4633
5826
3774
267
3642
2916
3750
4917
936
1939
5226
4027
2732
1786
1366
4424
4918
1003
5269
455
5556
4519
4203
4989
214
917
4968
2877
2780
466
1624
5457
4740
2622
3161
1399
4215
4957
4206
199
665
5185
85
1850
4242
1339
3317
193
4726
1745
2293
5854
4375
3011
3163
4117
133
3737
2929
3415
65
1838
4908
767
1067
4088
4353
358
5673
2072
1328
4916
2884
342
3513
5274
4657
1
5224
4568
1726
1942
1699
5681
4324
4189
1296
3542
5620
5130
1098
3801
3196
5510
2396
5843
3320
4766
526
328
4689
5725
2819
1397
212
5821
579
5728
318
1200
1520
1702
5669
1833
1853
4716
4810
2297
729
2051
2335
246
5782
493
1540
5242
5426
3028
4874
5974
2115
689
5953
605
2400
3334
1467
5073
1635
327
2978
1466
3941
1220
4123
2539
5748
3345
1454
2152
802
3556
2922
376
5671
2612
4552
1739
5824
588
4333
1183
2261
1708
1505
3155
2804
329
5710
1987
5511
5163
933
2168
1291
4706
2082
1589
701
4893
3093
1343
1747
5189
1332
2643
1021
17
1453
3594
5019
4289
2489
404
2704
5809
3548
164
2798
451
484
244
109
2601
5927
5100
4225
46
3791
5549
1160
583
231
716
2386
2269
431
3695
1796
1558
417
2220
20
5113
3418
4785
3947
5235
5891
3182
2029
4068
2625
5804
1704
4011
5896
3305
385
5207
5537
3450
2104
5876
4687
763
4627
462
4517
3786
4714
2829
2004
5585
5699
357
5002
219
115
2733
4158
1140
1719
541
1534
785
1789
1439
1046
5422
3826
3833
5736
3765
4445
269
5794
1015
602
5010
4507
2456
1901
4265
116
2867
9
5315
4868
3411
2033
4608
4953
4050
5480
1208
4861
5434
2038
2897
3689
2762
1489
2894
5956
2114
138
5330
2423
4914
5902
1663
1464
5173
181
2524
892
3916
1860
137
2899
1938
4443
4860
4707
184
4553
1318
1018
4896
557
741
713
2851
2668
2533
3308
2669
2326
990
5302
2881
5963
3553
5068
2613
4365
2306
3552
4136
3735
1020
2786
3386
3013
4642
5575
2121
2405
4144
174
2772
5893
491
5705
4185
5318
3118
3441
5529
352
5106
3397
1422
2352
2441
5768
241
645
3051
1156
3015
1965
254
70
5584
5099
515
1078
4579
1837
3023
2988
5442
3935
4560
1347
1069
2070
532
1128
3399
4254
2245
4119
5477
1517
399
1047
4202
2068
3561
1760
4824
4659
2490
3591
1301
373
3772
1788
1876
3717
2869
5720
3224
4150
4288
5527
914
263
4769
1711
2395
1198
3259
4966
2174
4222
3139
3981
2012
2454
4618
4698
1797
500
4121
4645
3705
2572
2411
4046
1575
549
4040
494
4135
623
3435
5191
1142
872
971
1848
2088
5687
3875
4619
3222
5566
5541
4070
5680
124
5433
3168
4371
4891
2659
4271
3771
5744
4238
5838
612
4534
308
4882
3097
3652
4252
5739
1945
4076
2452
1443
5507
5121
1080
1523
3330
5856
1724
4393
4567
4096
3598
1171
1709
2578
1161
4044
107
4422
1962
2050
1516
424
5961
3797
2477
1749
1979
5199
3200
3793
3638
3303
1825
228
1289
5679
4671
5454
3744
4058
2268
3900
1849
592
3331
1633
1899
11
3570
542
4749
3759
795
5427
305
2123
405
3881
3555
4358
1359
4337
377
2656
4862
4667
2181
2140
3241
4304
3871
2185
3549
5932
4099
4255
91
4806
1660
3694
3944
5774
2341
4132
1162
2731
3384
176
2542
4414
950
121
5153
2473
3909
415
368
3837
1681
690
1547
2718
