0.731984070590343
0.7011659261468169
0.6944458747838999
0.691183919588135
0.6895366879473812
0.6882572610878104
0.6872796876311081
0.6866702773575438
0.6860619355442351
0.6853792832158713
0.6849245551786971
0.6845145172444699
0.6842263384077677
0.6840269453892681
0.683541287296557
0.6833120170904665
0.6830047858889338
0.6829040359035272
0.6828337628014234
0.6825093677844541
0.6821930931538952
0.6821303740282005
0.6820194047766847
0.6817071567218689
0.6815860503679746
0.6812187316024015
0.681066459207234
0.6810238720755851
0.6807838689418361
0.6805359391644182
0.6804396236982327
0.6803070120997243
0.6802041142460146
0.6800400974135673
0.6797620505923906
0.6796755685655881
0.6794815644041284
0.6799736331477899
0.6794856675038311
0.6791985900813441
0.6790131107110924
0.6788643312144589
0.6789290798838373
0.6787480747323753
0.6785842754181771
0.6785325713193041
0.6783591136198097
0.6782054558313402
0.6782122954366822
0.6781504145358622
0.6777422429236941
0.6778462027132179
0.6775559451230603
0.6777178364251231
0.6773825745635661
0.6773114557168922
0.6771940061466593
0.6771894186901029
0.6769657694563573
0.6769702315109338
0.6769517186842513
0.6768465351748776
0.6765242230029628
0.6766212455416876
0.6763883046183825
0.676286624844751
0.676241812104418
0.6763191982854939
0.6761117830789598
0.6759169912294023
