0.1158565878868103
0.15511569380760193
0.18536946177482605
0.21457988023757935
0.2329777330160141
0.2530841529369354
0.27265170216560364
0.28191179037094116
0.2961241602897644
0.3112940788269043
0.3226121664047241
0.3323548138141632
0.33819976449012756
0.341916561126709
0.3540908396244049
0.36007463932037354
0.3658536672592163
0.3694996237754822
0.37084975838661194
0.37824714183807373
0.38682347536087036
0.38804271817207336
0.3905859887599945
0.3990246653556824
0.40103039145469666
0.41100969910621643
0.413996160030365
0.41491207480430603
0.4200321435928345
0.4262180030345917
0.42854490876197815
0.43152326345443726
0.43463337421417236
0.43757346272468567
0.4435248374938965
0.44585415720939636
0.44983339309692383
0.4383266866207123
0.4501188099384308
0.4565565884113312
0.45888349413871765
0.46262991428375244
0.46194207668304443
0.4647120237350464
0.4681154191493988
0.47017356753349304
0.4738357365131378
0.4774828851222992
0.4777558445930481
0.478259801864624
0.4865664541721344
0.4838755130767822
0.4903984069824219
0.48697903752326965
0.494412899017334
0.4962717294692993
0.49761781096458435
0.4975266754627228
0.5023851990699768
0.5019696354866028
0.5020887851715088
0.5050026178359985
0.5105438828468323
0.5096201300621033
0.5136846303939819
0.5157400965690613
0.5166339874267578
0.5150831937789917
0.5196310877799988
0.5233776569366455
