203
4164
3831
1039
5373
1013
1526
5346
4260
2213
3822
5131
1324
4907
1193
1897
856
4850
4563
1994
3135
1936
2582
2977
1731
935
3719
4531
3307
5078
1450
3266
3920
3743
4628
4922
1192
3211
657
2107
4851
1840
5947
1980
77
4056
2939
473
3173
1075
804
2616
3014
382
4777
1009
5486
2893
3502
294
4515
3278
5309
4098
5682
1084
2911
2753
4681
845
2069
4187
3383
4925
5144
3374
4596
4120
2703
3486
4110
1509
2695
1756
3654
5241
879
3079
3223
5374
2725
664
1599
2267
3709
3756
864
285
1150
4624
5168
5021
5295
4921
4965
4946
1552
868
1835
5543
4884
5237
712
5300
1441
1762
1462
5964
2480
747
942
2520
2565
4191
1218
5578
140
2698
4784
4829
2336
4385
2331
3745
5642
2020
4079
4984
3437
4030
1884
2866
2232
1783
2131
2842
5229
5156
991
5512
5619
1774
1055
3364
3585
694
2264
1236
4183
3633
4418
3198
4417
3722
1557
3878
4935
5323
1892
4754
3318
5421
4863
1679
2045
2965
1435
5458
3785
3120
2959
1723
5618
1716
837
2518
104
3463
3859
4437
1847
488
2982
641
1930
3050
1286
2649
524
1137
3780
5717
5522
1382
1907
3970
1373
857
3381
5016
3674
3208
4837
2895
3755
2938
1535
2217
2365
2124
2295
1538
4798
396
1116
5907
3728
4877
5935
843
5830
5335
1151
4432
300
380
5921
4972
3514
2826
4615
71
1925
3583
3764
2765
4646
3387
2474
1603
1389
5983
1233
2219
5265
5155
2754
2739
4982
5686
1943
1572
201
4928
3873
3002
5515
4715
5148
3127
2521
4114
4648
61
3039
1542
783
3121
1045
4593
1767
2014
5873
5502
2383
1963
5180
1654
3726
5308
2177
381
3423
1283
1266
2044
1288
182
340
3326
4320
5098
3074
4650
4651
3494
4090
2914
5564
4637
5741
4231
5519
538
1093
5863
5361
4952
2564
1265
1123
1743
3848
2810
3147
2983
3964
4496
487
3099
204
4748
774
4636
3724
4493
5462
5639
2624
3861
456
4276
3899
4577
1735
1275
1815
169
1998
1282
2954
3352
2263
3950
1096
680
4323
4511
2329
4994
5753
3029
5851
4855
604
5594
4904
3017
4594
1167
1584
4259
1530
2943
1119
5922
1776
5632
5114
5758
4733
683
1614
5837
1168
5223
4351
786
2796
1587
5423
4261
3469
5414
4267
454
1178
5132
1880
62
5259
4514
5304
1870
4561
3103
1576
4495
1941
4528
2320
4773
5314
1155
4208
2839
5777
2642
2394
2512
5166
5429
5111
4457
5332
2958
1674
1025
3706
1636
1854
4209
1822
2151
2378
4352
1961
1019
3796
5118
2042
2972
2483
1308
418
1189
3651
819
4951
2970
4378
471
1983
4895
2918
2638
1710
5906
5407
4137
4526
2353
1139
3363
1736
2627
1061
452
3923
284
2025
2065
4456
501
3004
2505
507
5640
561
248
16
3804
5835
5887
5278
1111
1834
4865
1591
3849
506
1237
3838
2087
4223
180
2197
1751
794
5536
839
5978
3810
4471
3938
2413
3492
1030
675
5523
967
2187
3043
2637
5435
5695
3913
5176
412
3522
5394
4489
2790
4003
414
2813
639
2650
3853
3679
3957
3918
3346
179
3643
4730
5261
1191
2205
3523
5643
4452
1396
2853
5344
3942
4141
2898
5081
2969
4669
4734
5370
2812
4052
3968
5631
188
4993
3644
2605
2550
1886
2927
3083
2364
1329
4152
4309
1459
3987
2041
5430
2662
2998
5420
3235
1319
674
3236
1159
1954
637
4675
3349
4145
5598
3693
5052
3604
3281
3778
4160
2310
4073
1570
5776
4919
1135
1871
2667
2367
3832
4235
3096
3720
1543
5271
1794
2221
1322
1411
1729
4522
4629
3663
2113
733
2623
3807
3218
5703
5220
1230
1048
2568
2791
1486
226
2412
3396
5965
72
5858
3217
5599
1802
2925
3277
1391
5179
5514
3253
3986
1461
1458
587
2767
2846
1072
3342
3104
2203
2986
2094
4822
3372
2303
1109
5747
2461
3690
5349
4409
4830
696
4783
260
4894
5033
3295
5292
2560
4518
3313
5479
3261
3472
4885
5714
216
3075
490
2086
1759
3111
723
375
1707
4746
2962
5635
2119
1592
4294
1960
5603
129
2438
1617
2428
1011
1032
3332
5079
4468
1655
2569
954
155
4701
1136
4763
5455
1675
4176
3783
2363
2430
1311
4871
4392
5470
1609
3595
3365
5020
2852
1243
5310
1387
567
2266
51
3707
2067
5097
1586
2905
3024
5406
1968
1712
4303
1313
3794
4346
3087
5760
4122
1307
409
3865
1449
5490
3048
1882
1312
1991
2951
580
438
4065
1385
1632
5141
4601
1345
1596
646
2255
2686
206
4169
4752
4478
1926
1695
3098
4008
5847
5787
3617
5915
54
4606
1502
3602
4533
4166
4602
1409
2420
2207
5419
4299
3270
2028
2057
1843
1351
1480
185
4118
852
5080
5767
36
2402
5112
4713
4600
5917
4770
1490
5846
3509
2747
1770
3152
3893
5175
2517
3434
1143
3648
1966
3852
125
1346
5326
3850
2513
3725
105
2892
678
2058
4844
2598
2236
5792
5089
3621
2120
5939
4992
5590
1814
1219
4380
5743
411
618
4204
3843
2645
4449
1890
34
559
4545
3314
4621
4697
4113
816
5834
5633
2327
5219
5842
2202
4942
2276
4694
1138
5646
614
5505
2281
581
3729
4423
2146
1432
2403
2687
3882
4660
3857
5909
1805
245
742
4438
3600
3752
2527
1062
3925
410
4955
563
943
3635
3476
734
3268
5288
4588
1644
2450
5900
2279
842
3611
2745
1267
1605
4897
4834
3456
3371
703
2617
3991
3997
2492
315
1097
865
636
1493
5056
4387
5678
1656
5390
2735
4395
4025
3306
4936
4575
1951
1923
4086
461
4888
2924
2873
4975
2855
5661
84
2980
4944
3361
1976
1730
4581
1394
728
19
5363
3640
5316
2356
1057
995
4103
496
1859
4886
5196
2393
2194
4910
4821
2976
4487
5437
1571
2879
2366
4842
3203
5410
4383
1338
2095
1455
3532
5150
1231
663
4232
566
3533
1532
441
207
136
4614
3597
669
3813
909
994
262
5149
3782
938
3886
2453
964
5859
3741
1670
2906
3928
1006
2679
2862
2570
128
589
2415
158
5093
568
4322
2834
5707
1285
4083
2406
3076
4632
3877
988
1068
3338
5402
4799
3140
94
877
3571
3175
740
1163
1706
2491
4229
460
1677
4458
1692
800
4879
825
3385
4831
1263
3493
2716
1653
3453
3084
3413
1008
5372
4670
649
301
151
4529
4213
3289
5024
4901
4898
3321
866
407
5492
2362
416
2247
4280
2359
1806
5489
4282
4451
4053
2154
1371
4181
5650
3507
4060
4107
5162
4116
1563
3046
1354
5903
7
1148
4682
3641
5095
5202
4331
1428
2318
4586
5228
4170
1651
3186
5690
4368
2891
3291
2141
1950
5417
243
3114
4603
661
965
1356
5857
4998
4157
4227
615
1944
1207
5754
2781
4453
13
5898
3662
2749
2576
1550
5050
1799
1753
2626
918
196
5623
5942
1108
371
5962
4803
1424
1539
66
5194
3646
2909
2768
3545
1112
355
4913
765
5037
3931
5979
831
3777
2039
5742
4105
2447
5508
787
1819
3516
685
3336
2968
21
2198
5303
