0.0811895877122879
0.13883619010448456
0.15659964084625244
0.19763793051242828
0.1941937506198883
0.24818018078804016
0.21069124341011047
0.24449622631072998
0.2931235432624817
0.3274056017398834
0.33363601565361023
0.3296094834804535
0.33856406807899475
0.3480863571166992
0.32218417525291443
0.33676648139953613
0.3474433422088623
0.3133152723312378
0.35388150811195374
0.38045650720596313
0.37254056334495544
0.3714965879917145
0.3869282603263855
0.37421083450317383
0.37575066089630127
0.3894537687301636
0.38191813230514526
0.3920437693595886
0.3962021470069885
0.3895769715309143
0.3557419180870056
0.40490463376045227
0.3940916955471039
0.38034194707870483
0.3924939036369324
0.3843556344509125
0.3170357942581177
0.37634938955307007
0.3700628876686096
0.3846510648727417
0.4008727967739105
0.3672519028186798
0.3753959536552429
0.3842940628528595
0.4032556414604187
0.3720496594905853
0.42531973123550415
0.4036952257156372
0.40205979347229004
0.40038251876831055
0.38976892828941345
0.41490116715431213
0.4091305136680603
0.4018561542034149
0.4381658434867859
0.4139174818992615
0.4044727683067322
0.43268975615501404
0.4409966766834259
0.42930924892425537
0.44446900486946106
0.39990824460983276
0.4098236858844757
0.42218831181526184
0.4213099479675293
0.4287419319152832
0.41719850897789
0.43320539593696594
0.4327775835990906
0.43848589062690735
