0.7097816427548727
0.6973145206769308
0.6924358079830806
0.6907767117023468
0.6889310965935389
0.6884547452131907
0.6878882298866907
0.6869602829217911
0.686303687095642
0.6881697475910187
0.6858978192011516
0.6849806626637777
0.6859580457210541
0.6858615438143413
0.6845993061860403
0.6842380732297897
0.6844239433606466
0.6847688923279445
0.6835729151964187
0.6843356360991796
0.6869158466657003
0.6843216111262639
0.684187118212382
0.6836242864529292
0.6839830329020818
0.6864942103624344
0.6876239955425263
0.6865220050017039
0.6877242028713226
0.6899071464935939
0.7012649347384771
0.6852251589298248
0.6880394866069158
0.6927207191785176
0.691677329937617
0.6851622154315312
0.6853962073723475
0.6925860772530238
0.6908549805482228
0.6904119729995728
0.6911547462145488
0.6981010248263677
0.6932499806086222
0.6925251563390096
0.6881466229756673
0.6968098988135656
0.689089588324229
0.688003522157669
0.694668459892273
0.6879376302162806
0.6950643618901571
0.6907789121071498
0.6919228613376618
0.6821020344893137
0.6825992365678152
0.6887470384438833
0.6832259128491084
0.68738800684611
0.6829675098260244
0.6906201670567195
0.6847314685583115
0.6910165995359421
0.6906056265036266
0.684704362352689
0.6866433501243592
0.6846417397260666
0.684467875957489
0.6845229834318161
0.6840101540088653
0.6838124374548594
