4654
4221
620
633
5297
2382
5756
2223
99
160
895
1081
4840
642
5386
3527
2256
4778
4315
323
5395
4686
5186
5969
1378
4802
3956
911
4205
2809
2468
152
3410
5474
5481
1028
2439
4198
2
5488
343
4429
5587
2272
2865
3356
5630
5836
1327
5972
3524
5712
598
3160
982
4410
4399
2854
3227
1869
2890
5493
3389
5255
5805
1369
3171
5648
1974
3678
113
273
3601
5655
2248
4499
3800
150
5320
3370
4479
2286
503
773
5862
227
2830
5060
3539
5713
4234
4362
3269
4126
922
4197
5193
4329
3639
2825
3869
4502
1352
4525
2814
4472
5137
599
1310
4036
4931
395
1659
324
173
4273
621
2603
4402
1637
622
2774
5701
5472
5327
5384
2510
2376
4584
429
5328
2543
1610
3220
2644
510
5365
4339
5221
2822
2446
2555
1251
3897
3628
2751
1194
10
4134
1146
2664
4685
2857
3888
2287
4286
2750
2017
1224
5697
5938
2620
4028
1881
5044
681
582
5553
3473
4013
5955
1041
901
3113
3480
2806
2848
5732
2817
908
2134
848
1181
5982
1878
4097
2387
3864
3863
5244
3185
830
2755
4841
907
2158
3499
5334
1170
3572
3250
1574
1249
4991
4691
2235
4566
4771
5413
5692
1582
5711
4978
2389
5659
5828
4490
1780
1277
3310
3380
1404
5236
4403
4016
4873
1372
2843
850
5625
495
2971
2377
4100
5551
277
1519
4278
5287
1750
4969
4527
2164
2903
4516
2948
3214
1764
1766
2451
5545
50
3325
3290
3237
88
3143
3858
553
4446
5601
1862
389
1414
1620
916
1383
3610
4001
514
5313
2478
1657
1866
5908
5839
3820
5520
3001
98
1059
3316
123
286
3588
401
3557
2770
4363
1353
847
2615
4361
3574
3623
2991
5795
2166
4941
2744
5245
448
5459
3661
2858
2324
4737
948
1273
3538
1026
2008
1262
3714
2216
4607
2096
1184
5107
15
5043
2309
2926
5568
2260
1643
436
1024
5152
5895
2960
869
5371
5231
5535
4355
1127
2640
2836
4165
5109
3995
4154
2157
966
2346
2167
5367
3676
2874
2910
4504
1110
691
337
5870
502
310
1903
4605
4296
1094
2595
4864
4548
5431
4342
1417
4364
4779
1893
4890
2291
4463
3669
798
3176
39
3958
5000
3747
5841
4343
3045
3086
5205
5762
1213
5579
4335
2013
3183
1622
1442
4074
1921
2433
5208
4503
276
3112
2707
4285
624
2785
4412
1100
3110
5416
4394
3697
5146
5910
2597
4024
2599
4869
3065
1832
508
5268
1187
3275
2178
5890
3879
293
4127
3344
2710
4161
3636
5685
3779
3106
5331
3405
3283
5364
805
2143
2758
5064
4251
1104
3021
4334
829
4336
5075
2342
4398
1438
1073
2607
3657
2465
2030
886
5409
3812
4326
718
792
5802
897
4163
555
1358
5616
4172
1548
2838
3199
1678
224
3619
3530
